1630.989 2636.248 10.374 6.75
1639.098 2636.523 10.403 6.75
1647.514 2637.147 10.395 6.75
1655.808 2638.303 10.383 6.75
1664.612 2640.232 10.390 6.75
1672.785 2641.974 10.399 6.75
1680.643 2643.790 10.399 6.75
1688.881 2645.881 10.394 6.75
1697.535 2648.339 10.395 6.75
1706.258 2651.021 10.401 6.75
1714.414 2653.697 10.398 6.75
1722.514 2656.446 10.401 6.75
1730.648 2659.252 10.400 6.75
1738.730 2662.189 10.396 6.75
1746.768 2665.142 10.401 6.75
1754.773 2668.082 10.400 6.75
1762.762 2670.976 10.396 6.75
1770.767 2673.731 10.400 6.75
1778.735 2676.460 10.400 6.75
1786.742 2679.044 10.400 6.75
1794.729 2681.615 10.401 6.75
1802.730 2684.064 10.401 6.75
1810.775 2686.289 10.401 6.75
1818.845 2688.344 10.401 6.75
1827.234 2690.322 10.404 6.75
1835.336 2691.945 10.398 6.75
1844.211 2693.219 10.407 6.75
1853.025 2693.828 10.405 6.75
1861.697 2693.963 10.382 6.75
1870.288 2693.944 10.409 6.75
1878.612 2694.039 10.407 6.75
1887.282 2694.138 10.394 6.75
1925.124 2694.018 10.400 6.75
1933.863 2694.103 10.394 6.75
1941.903 2694.182 10.402 6.75
1950.403 2694.096 10.404 6.75
1958.411 2694.077 10.399 6.75
1966.669 2694.061 10.398 6.75
1975.601 2694.081 10.401 6.75
1984.984 2694.178 10.401 6.75
1993.252 2694.245 10.391 6.75
2001.812 2694.223 10.392 6.75
2010.424 2694.263 10.397 6.75
2019.032 2694.320 10.399 6.75
2027.643 2694.301 10.402 6.75
2036.129 2694.256 10.398 6.75
2044.631 2694.221 10.402 6.75
2053.255 2694.302 10.399 6.75
2061.638 2694.285 10.400 6.75
2109.542 2694.168 10.408 6.75
2117.689 2694.147 10.397 6.75
2125.782 2694.127 10.400 6.75
2133.875 2694.106 10.400 6.75
2142.950 2694.083 10.410 6.75
2173.062 2692.181 10.385 8.75
2183.546 2692.181 10.398 8.75
2194.098 2692.384 10.416 8.75
2204.894 2692.373 10.405 8.75
2215.448 2692.363 10.402 8.75
2226.770 2692.352 10.400 8.75
2237.317 2692.343 10.397 8.75
2248.653 2692.334 10.401 8.75
2260.043 2692.325 10.400 8.75
2270.180 2692.316 10.400 8.75
2280.267 2692.308 10.400 8.75
2291.582 2692.298 10.401 8.75
2302.764 2692.289 10.401 8.75
2314.218 2692.279 10.402 8.75
2325.279 2692.270 10.401 8.75
2336.559 2692.260 10.401 8.75
2347.861 2692.251 10.400 8.75
2358.875 2692.242 10.400 8.75
2406.569 2692.202 10.403 8.75
2417.503 2692.193 10.388 8.75
2428.385 2692.184 10.394 8.75
2438.420 2692.174 10.385 8.75
2449.359 2691.242 10.398 8.75
2459.461 2689.371 10.399 8.75
2470.070 2686.495 10.403 8.75
2479.909 2681.896 10.396 8.75
2488.699 2676.528 10.411 8.75
2496.319 2669.847 10.396 8.75
2504.319 2662.361 10.408 8.75
2511.592 2654.301 10.411 8.75
2517.883 2645.960 10.402 8.75
2523.567 2636.900 10.395 8.75
2529.307 2626.930 10.398 8.75
2533.769 2617.826 10.402 8.75
2537.935 2607.285 10.402 8.75
2541.019 2597.705 10.398 8.75
2544.560 2587.052 10.404 8.75
2547.293 2575.918 10.401 8.75
2549.240 2564.969 10.396 8.75
2550.392 2553.975 10.399 8.75
2550.545 2542.646 10.396 8.75
2550.472 2531.650 10.398 8.75
2550.675 2520.362 10.398 8.75
2550.768 2509.454 10.397 8.75
2550.643 2498.245 10.402 8.75
2550.704 2487.910 10.405 8.75
2550.784 2477.720 10.494 8.75
2552.534 2456.503 10.366 4.00
2552.562 2446.048 10.312 4.00
2552.597 2435.733 10.203 4.00
2552.642 2424.554 9.859 4.00
2552.667 2413.661 9.469 4.00
2552.703 2403.006 9.005 4.00
2552.737 2392.109 8.556 4.00
2552.797 2381.907 7.874 4.00
2552.849 2371.568 7.099 4.00
2552.891 2361.593 6.351 4.00
2552.951 2351.182 5.401 4.00
2553.002 2340.652 4.386 4.00
2552.943 2330.188 3.258 4.00
2552.874 2319.113 3.130 4.00
2554.856 2308.872 3.017 4.00
2553.707 2302.752 2.980 4.00
2554.695 2296.813 2.894 4.00
2555.962 2290.494 2.864 4.00
2557.458 2284.052 2.696 4.00
2558.940 2278.124 2.566 4.00
2560.631 2272.250 2.417 4.00
2562.923 2266.132 2.232 4.00
2565.879 2259.508 1.994 4.00
2568.491 2254.029 1.781 4.00
2571.428 2248.492 1.541 4.00
2575.015 2242.691 1.257 4.00
2578.913 2237.145 0.966 4.00
2583.105 2231.584 0.713 4.00
2587.837 2225.987 0.332 4.00
2592.628 2220.845 0.010 4.00
2597.860 2215.674 -0.313 4.00
2603.290 2210.908 -0.649 4.00
2608.683 2206.281 -0.963 4.00
2614.490 2201.550 -1.286 4.00
2620.293 2197.046 -1.583 4.00
2625.982 2192.794 -1.841 4.00
2632.067 2188.389 -2.117 4.00
2638.117 2184.471 -2.295 4.00
2644.179 2180.608 -2.478 4.00
2649.221 2177.340 -2.640 4.00
2655.135 2173.273 -2.813 4.00
2661.285 2169.031 -2.856 4.00
2667.257 2165.129 -2.914 4.00
2673.125 2161.411 -2.956 4.00
2678.538 2157.855 -2.985 4.00
2684.085 2154.216 -2.864 4.00
2688.928 2150.309 -2.851 4.00
2693.900 2146.915 -2.725 4.00
2699.135 2143.262 -2.557 6.25
2703.960 2139.594 -2.366 6.25
2709.606 2134.888 -2.155 6.25
2715.487 2130.034 -1.881 6.25
2721.373 2125.181 -1.539 6.25
2726.749 2120.090 -1.252 6.25
2732.132 2114.707 -0.884 6.25
2737.831 2108.728 -0.510 6.25
2742.599 2103.195 -0.142 6.25
2746.886 2096.987 0.219 6.25
2751.172 2090.487 0.600 6.25
2755.580 2083.806 0.991 6.25
2759.206 2077.795 1.313 6.25
2763.254 2070.464 1.691 6.25
2781.441 2011.609 3.685 6.25
2782.496 2003.496 3.838 6.25
2783.541 1995.411 3.949 6.25
2784.391 1987.289 4.057 6.25
2784.897 1979.228 4.096 6.25
2784.939 1972.069 4.172 6.25
2784.477 1964.589 4.266 6.25
2781.904 1957.960 4.127 6.25
2783.468 1950.947 4.176 6.25
2783.191 1942.426 4.156 7.50
2783.016 1933.992 4.189 7.50
2782.896 1925.248 4.244 7.50
2782.866 1916.474 4.658 7.50
2782.916 1907.454 5.453 7.50
2783.137 1899.106 6.250 7.50
2783.307 1890.756 7.060 7.50
2783.389 1881.900 7.927 7.50
2783.315 1872.816 8.812 7.50
2783.330 1863.519 9.620 7.50
2783.268 1855.413 10.047 7.50
2783.112 1847.122 10.422 7.50
2782.948 1838.493 10.349 7.50
2782.783 1830.165 10.366 7.50
2783.051 1820.810 10.391 7.50
2783.046 1812.719 10.401 7.50
2783.108 1804.061 10.401 7.50
2782.941 1795.814 10.404 7.50
2783.117 1786.624 10.397 7.50
2782.958 1778.366 10.430 7.50
2782.994 1769.408 10.386 7.50
2783.075 1760.021 10.390 7.50
2783.143 1751.751 10.428 7.50
2783.160 1743.234 10.393 7.50
2783.104 1734.591 10.403 7.50
2783.204 1725.984 10.395 7.50
2783.216 1717.413 10.401 7.50
2783.216 1708.878 10.401 7.50
2783.216 1700.375 10.401 7.50
2783.216 1691.658 10.411 7.50
2783.216 1683.147 10.389 7.50
2783.216 1674.855 10.382 7.50
2783.216 1665.940 10.425 7.50
2783.216 1657.864 10.392 7.50
2783.462 1649.272 10.388 7.50
2785.292 1640.966 10.402 7.50
2790.551 1634.471 10.388 7.50
2796.071 1628.552 10.406 7.50
2801.639 1621.639 10.401 7.50
2807.238 1614.677 10.406 7.50
2812.447 1608.198 10.402 7.50
2817.879 1601.623 10.398 7.50
2823.822 1594.562 10.408 7.50
2829.066 1588.329 10.396 7.50
2834.293 1581.739 10.404 7.50
2839.365 1574.766 10.399 7.50
2843.543 1567.201 10.397 7.50
2847.460 1559.230 10.403 7.50
2850.901 1551.418 10.396 7.50
2853.812 1543.433 10.404 7.50
2856.593 1535.463 10.399 7.50
2859.361 1527.485 10.403 7.50
2861.682 1519.398 10.392 7.50
2863.496 1511.209 10.403 7.50
2864.800 1502.934 10.396 7.50
2865.828 1494.685 10.401 7.50
2866.645 1486.406 10.399 7.50
2866.827 1478.104 10.400 7.50
2866.885 1469.807 10.402 7.50
2866.799 1461.535 10.398 7.50
2866.776 1452.982 10.399 7.50
2866.865 1444.737 10.398 7.50
2866.954 1436.502 10.397 7.50
2866.968 1428.251 10.401 7.50
2866.877 1420.026 10.400 7.50
2866.906 1411.851 10.400 7.50
2866.933 1403.657 10.403 7.50
2866.931 1395.455 10.397 7.50
2866.874 1387.305 10.402 7.50
2866.904 1379.077 10.390 7.50
2866.932 1370.613 10.390 7.50
2866.956 1361.828 10.390 7.50
2866.962 1352.732 10.390 7.50
2866.968 1344.696 10.390 7.50
2866.933 1335.088 10.390 7.50
2866.894 1326.994 10.390 7.50
2866.853 1318.281 10.390 7.50
2866.813 1309.769 10.390 7.50
2866.772 1300.760 10.390 7.50
2866.733 1291.884 10.390 7.50
2866.745 1282.888 10.390 7.50
2866.774 1273.322 10.390 7.50
2866.803 1264.051 10.390 7.50
2866.833 1254.301 10.390 7.50
2866.861 1244.993 10.392 7.50
2866.889 1236.290 10.379 7.50
2866.911 1227.974 10.383 7.50
2866.689 1219.105 10.364 7.50
2865.047 1210.264 10.310 7.50
2862.550 1202.127 10.317 7.50
2859.750 1193.681 10.336 7.50
2856.244 1186.085 10.346 7.50
2852.631 1178.053 10.342 7.50
2848.929 1169.558 10.345 7.50
2845.564 1162.138 10.347 7.50
2842.088 1154.478 10.353 7.50
2838.435 1146.660 10.359 7.50
2834.574 1138.963 10.363 7.50
2830.367 1131.500 10.376 7.50
2826.394 1123.951 10.371 7.50
2822.389 1116.491 10.388 7.50
2818.219 1109.124 10.379 7.50
2813.934 1101.854 10.385 7.50
2809.661 1094.606 10.393 7.50
2805.061 1087.536 10.548 7.50
2799.768 1080.250 11.031 7.50
2794.457 1073.111 11.458 7.50
2789.168 1066.179 11.527 7.50
2783.647 1058.884 11.533 7.50
2778.560 1051.860 11.168 7.50
2773.596 1044.419 10.879 7.50
2769.581 1036.596 10.706 7.50
2767.159 1028.628 10.492 7.50
2766.172 1020.171 10.509 7.50
2765.759 1011.690 10.494 7.50
2766.277 1003.584 10.477 7.50
2766.833 994.989 10.479 7.50
2766.864 985.927 10.478 7.50
2766.784 977.909 10.480 7.50
2766.737 969.614 10.475 7.50
2766.770 961.062 10.472 7.50
2766.804 952.423 10.478 7.50
2766.838 943.824 10.479 7.50
2766.872 935.260 10.480 7.50
2767.035 893.638 10.480 7.50
2767.067 885.555 10.475 7.50
2767.029 877.231 10.481 7.50
2766.983 868.100 10.474 7.50
2766.944 860.079 10.481 7.50
2766.904 852.052 10.473 7.50
2766.863 843.735 10.480 7.50
2766.823 835.728 10.480 7.50
2766.784 827.688 10.472 7.50
2766.744 819.616 10.489 7.50
2766.740 810.189 10.477 7.50
2766.747 802.110 10.482 7.50
2766.754 794.027 10.477 7.50
2766.762 784.877 10.483 7.50
2766.769 776.500 10.480 7.50
2766.776 768.439 10.480 7.50
2766.783 760.362 10.479 7.50
2766.790 752.294 10.477 7.50
2766.796 744.242 10.479 7.50
2766.803 736.172 10.476 7.50
2766.810 728.118 10.479 7.50
2766.817 720.044 10.476 7.50
2766.824 711.964 10.438 7.50
2766.831 703.905 10.413 7.50
2766.837 695.799 10.259 7.50
2766.844 687.700 10.082 7.50
2766.851 679.564 9.799 7.50
2766.858 671.087 9.489 7.50
2766.865 662.828 9.204 7.50
2766.872 654.527 8.903 7.50
2766.879 646.187 8.594 7.50
2766.950 637.801 8.301 7.50
2767.054 629.365 8.090 7.50
2767.157 620.947 7.932 7.50
2767.176 612.540 7.877 7.50
2767.084 604.013 7.858 7.50
2767.204 595.192 7.859 7.50
2767.148 586.044 7.859 7.50
2767.125 577.967 7.860 7.50
2767.140 568.240 7.860 7.50
2767.151 560.071 7.860 7.50
2767.163 551.353 7.860 7.50
2767.174 542.820 7.860 7.50
2767.185 534.118 7.860 7.50
2767.197 524.881 7.862 7.50
2767.208 515.930 7.860 7.50
2767.220 506.424 7.860 7.50
2767.160 497.166 7.860 7.50
2767.010 487.588 7.859 7.50
2767.009 478.135 7.859 7.50
2767.027 468.283 7.858 7.50
2767.043 458.865 7.859 7.50
2767.057 450.795 7.859 7.50
2767.074 441.286 7.861 7.50
2767.044 431.364 7.859 7.50
2766.993 423.359 7.859 7.50
2766.942 415.309 7.859 7.50
2767.050 405.549 7.875 7.50
2767.231 395.963 7.857 7.50
2767.207 386.025 7.858 7.50
2767.151 376.489 7.865 7.50
2767.096 366.972 7.858 7.50
2767.085 357.012 7.861 7.50
2767.080 347.420 7.862 7.50
2767.074 337.448 7.859 7.50
2767.066 327.850 7.862 7.50
2767.061 318.234 7.859 7.50
2767.060 308.247 7.866 7.50
2767.351 298.970 7.854 7.50
2767.869 289.514 7.982 7.50
2769.249 280.806 8.221 7.50
2771.716 272.635 8.406 7.50
2774.368 265.029 8.588 7.50
2777.486 256.607 8.770 7.50
2780.650 248.318 8.951 7.50
2783.820 240.127 9.128 7.50
2786.706 231.968 9.660 7.50
2789.543 223.928 10.140 7.50
2792.343 216.001 10.621 7.50
2795.055 208.164 11.122 7.50
2797.561 200.468 12.062 7.50
2799.856 192.528 12.969 7.50
2802.196 184.810 13.870 7.50
2804.706 177.053 14.866 7.50
2807.229 169.243 15.956 7.50
2809.767 161.395 17.006 7.50
2812.324 153.495 18.105 7.50
2814.859 145.510 19.254 7.50
2817.103 137.408 20.439 7.50
2818.451 129.090 21.628 7.50
2819.878 120.721 22.685 7.50
2821.422 112.323 23.746 7.50
2822.914 103.882 24.790 7.50
2824.292 95.511 25.274 7.50
2825.409 86.967 25.895 7.50
2826.435 78.788 26.210 7.50
2827.248 70.633 26.439 7.50
2828.051 62.532 26.670 7.50
2828.705 54.470 26.937 7.50
2829.100 46.436 27.177 7.50
2829.156 38.434 27.408 7.50
2829.205 30.300 27.751 7.50
2829.260 21.969 28.129 7.50
2829.314 13.445 28.491 7.50
2829.369 4.832 28.875 7.50
2829.424 -3.681 29.280 7.50
2829.478 -12.083 29.744 7.50
2829.534 -20.673 30.229 7.50
2829.589 -28.869 30.664 7.50
2829.637 -36.942 31.123 7.50
2829.685 -44.955 31.584 7.50
2829.733 -53.035 32.045 7.50
2829.786 -61.270 32.483 7.50
2829.840 -69.731 32.832 7.50
2829.895 -78.341 33.238 7.50
2829.949 -86.933 33.462 7.50
2829.779 -95.401 33.625 7.50
2829.487 -103.850 33.782 7.50
2828.735 -112.120 33.554 7.50
2827.132 -120.676 33.310 7.50
2824.507 -128.725 32.719 7.50
2821.395 -136.586 32.174 7.50
2818.250 -144.625 31.599 7.50
2815.265 -152.714 30.895 7.50
2811.915 -160.764 30.197 7.50
2808.170 -168.689 29.485 7.50
2804.232 -176.657 28.695 7.50
2800.273 -184.677 27.890 7.50
2796.273 -192.739 27.100 7.50
2791.984 -200.721 26.260 7.50
2787.643 -208.748 25.388 7.50
2783.275 -216.832 24.515 7.50
2778.915 -224.894 23.646 7.50
2774.833 -232.451 22.742 7.50
2770.561 -240.342 21.764 7.50
2766.708 -247.450 20.940 7.50
2736.767 -280.240 17.044 7.50
2728.558 -282.604 16.588 7.50
2720.792 -284.822 16.141 7.50
2712.066 -287.818 15.757 7.50
2703.963 -289.998 15.412 7.50
2695.134 -292.289 15.012 7.50
2687.243 -294.216 14.674 7.50
2678.734 -295.791 14.322 7.50
2670.101 -296.712 13.964 7.50
2661.429 -297.232 13.721 7.50
2652.774 -297.632 13.452 7.50
2644.145 -297.762 13.272 7.50
2635.509 -297.653 13.224 7.50
2626.958 -296.988 13.136 7.50
2618.384 -296.276 13.214 7.50
2609.935 -295.577 13.374 7.50
2601.537 -294.660 13.559 7.50
2593.226 -293.791 13.782 7.50
2584.645 -292.765 14.054 7.50
2576.459 -291.651 14.330 7.50
2568.384 -290.522 14.614 7.50
2560.359 -289.103 14.889 7.50
2552.375 -287.910 15.128 7.50
2544.445 -286.790 15.389 7.50
2536.502 -285.666 15.653 7.50
2528.335 -284.512 15.874 7.50
2520.032 -283.336 16.165 7.50
2511.505 -282.144 16.399 7.50
2463.162 -276.495 17.574 7.50
2455.176 -275.781 17.724 7.50
2446.964 -275.046 17.833 7.50
2438.509 -274.417 17.973 7.50
2429.893 -273.903 18.059 7.50
2421.301 -273.640 18.105 7.50
2412.752 -273.722 18.153 7.50
2403.956 -274.072 18.302 7.50
2395.606 -274.783 18.783 7.50
2387.477 -276.350 19.170 7.50
2379.576 -278.452 19.536 7.50
2371.987 -280.901 20.619 7.50
2364.536 -283.788 21.637 7.50
2357.222 -287.208 22.659 7.50
2349.865 -290.646 23.830 7.50
2342.591 -294.252 25.254 7.50
2335.554 -298.322 26.601 7.50
2328.817 -302.847 27.975 7.50
2322.156 -307.515 29.338 7.50
2315.495 -312.180 30.758 7.50
2308.862 -316.795 32.245 7.50
2301.865 -321.540 33.616 7.50
2294.948 -325.937 34.919 7.50
2287.957 -330.258 36.136 7.50
2280.936 -334.591 37.307 7.50
2273.733 -338.824 38.019 7.50
2266.306 -342.813 38.929 7.50
2258.564 -346.452 39.790 7.50
2250.683 -349.841 40.522 7.50
2242.718 -352.366 41.279 7.50
2234.732 -354.414 41.984 7.50
2226.984 -356.367 43.168 7.50
2217.770 -357.981 44.355 7.50
2209.753 -358.730 45.481 7.50
2201.722 -359.308 46.765 7.50
2193.672 -359.700 48.053 7.50
2185.581 -359.751 49.411 7.50
2177.169 -359.695 50.775 7.50
2169.033 -359.374 52.090 7.50
2160.844 -359.027 53.264 7.50
2152.654 -358.681 54.475 7.50
2144.331 -358.393 55.394 7.50
2135.888 -358.234 56.311 7.50
2127.402 -358.669 57.168 7.50
2118.857 -359.141 57.967 7.50
2110.303 -359.688 58.763 7.50
2102.055 -360.570 59.667 7.50
2094.092 -362.301 60.549 7.50
2084.996 -364.582 61.578 7.50
2077.276 -366.924 62.442 7.50
2069.521 -369.474 63.382 7.50
2061.788 -372.406 64.278 7.50
2054.411 -376.332 65.053 7.50
2046.836 -380.744 65.953 7.50
2039.829 -385.619 66.738 7.50
2033.243 -391.172 67.307 7.50
2027.121 -396.985 67.923 7.50
2021.659 -403.216 68.418 7.50
2017.487 -410.305 68.579 7.50
2013.567 -417.488 68.790 7.50
2009.677 -424.615 69.029 7.50
2006.038 -431.838 69.169 7.50
2003.481 -439.478 69.288 7.50
2001.117 -447.141 69.437 7.50
1999.028 -455.105 69.664 7.50
1997.427 -463.055 69.979 7.50
1996.163 -471.041 70.272 7.50
1995.546 -479.846 70.613 7.50
1995.593 -488.411 70.955 7.50
1996.502 -496.792 71.303 7.50
1997.718 -505.045 71.584 7.50
1999.385 -513.214 71.745 7.50
2002.129 -521.357 71.930 7.50
2005.406 -528.938 72.054 7.50
2009.017 -536.341 71.943 7.50
2013.031 -543.541 71.821 7.50
2017.717 -550.333 71.707 7.50
2022.690 -556.914 71.440 7.50
2028.094 -563.217 70.981 7.50
2033.910 -569.231 70.554 7.50
2039.995 -575.051 70.088 7.50
2046.393 -580.599 69.566 7.50
2052.839 -586.204 68.758 7.50
2059.121 -592.136 68.010 7.50
2065.493 -598.101 67.227 7.50
2072.013 -604.025 66.432 7.50
2079.028 -609.979 65.287 7.50
2085.919 -615.785 64.214 7.50
2092.880 -621.647 63.006 7.50
2100.041 -627.424 61.963 7.50
2107.229 -633.281 60.590 7.50
2114.561 -639.153 59.269 7.50
2122.033 -645.018 57.918 7.50
2129.619 -650.890 56.517 7.50
2136.205 -655.946 55.302 7.50
2142.565 -660.829 54.120 7.50
2148.945 -665.727 52.944 7.50
2155.687 -670.886 51.745 7.50
2162.213 -675.824 50.617 7.50
2169.056 -680.998 49.423 7.50
2175.645 -685.981 48.286 7.50
2182.264 -690.986 47.171 7.50
2189.202 -696.229 46.226 7.50
2195.848 -701.253 45.217 7.50
2202.768 -706.483 44.197 7.50
2209.433 -711.519 43.141 7.50
2216.084 -716.606 42.151 7.50
2222.791 -722.211 41.146 7.50
2229.092 -727.744 40.304 7.50
2235.117 -733.526 39.525 7.50
2241.173 -739.795 38.727 7.50
2246.298 -746.362 37.954 7.50
2251.534 -753.351 37.079 7.50
2256.213 -760.174 36.313 7.50
2260.983 -767.404 35.430 7.50
2264.931 -774.729 34.710 7.50
2268.332 -782.232 33.996 7.50
2271.385 -790.289 33.278 7.50
2274.123 -798.020 32.564 7.50
2276.347 -805.972 31.923 7.50
2278.403 -814.260 31.298 7.50
2280.020 -822.345 30.707 7.50
2281.437 -830.733 30.096 7.50
2282.775 -838.768 29.540 7.50
2283.701 -846.781 29.030 7.50
2284.549 -855.167 28.511 7.50
2285.058 -863.232 27.980 7.50
2285.487 -871.562 27.477 7.50
2285.961 -879.616 26.995 7.50
2286.611 -889.230 26.437 7.50
2286.822 -897.533 25.929 7.50
2286.937 -907.138 25.963 7.50
2286.904 -916.598 26.001 7.50
2286.936 -925.999 26.049 7.50
2286.999 -935.316 26.090 7.50
2287.060 -944.437 26.113 7.50
2287.104 -953.493 26.160 7.50
2287.123 -962.516 26.215 7.50
2287.142 -971.483 26.252 7.50
2287.161 -980.365 26.268 7.50
2287.180 -989.174 26.286 7.50
2287.200 -997.897 26.318 7.50
2287.219 -1006.628 26.340 7.50
2287.217 -1015.570 26.357 7.50
2287.184 -1024.188 26.391 7.50
2287.150 -1032.783 26.410 7.50
2287.117 -1041.293 26.426 7.50
2287.083 -1049.789 26.424 7.50
2287.050 -1058.225 26.439 7.50
2287.017 -1066.660 26.455 7.50
2286.984 -1075.070 26.453 7.50
2286.952 -1083.456 26.469 7.50
2286.919 -1091.880 26.476 7.50
2286.887 -1100.135 26.466 7.50
2286.853 -1108.442 26.467 7.50
2286.820 -1116.794 26.478 7.50
2286.850 -1125.086 26.438 7.50
2287.314 -1177.943 25.604 7.50
2287.383 -1185.986 25.138 7.50
2287.408 -1194.539 24.630 7.50
2287.382 -1203.157 24.136 7.50
2287.357 -1211.746 23.816 7.50
2287.331 -1220.489 23.538 7.50
2287.193 -1229.399 23.575 7.50
2287.011 -1238.002 23.581 7.50
2286.834 -1246.597 23.577 7.50
2286.668 -1255.114 23.579 7.50
2286.544 -1263.629 23.580 7.50
2286.503 -1272.095 23.583 7.50
2286.484 -1280.522 23.576 7.50
2286.507 -1288.892 23.589 7.50
2286.542 -1297.327 23.574 7.50
2286.615 -1305.693 23.585 7.50
2286.689 -1314.054 23.568 7.50
2286.763 -1322.367 23.586 7.50
2286.837 -1330.721 23.583 7.50
2286.883 -1339.010 23.580 7.50
2286.654 -1347.594 23.576 7.50
2286.680 -1355.867 23.578 7.50
2286.881 -1407.785 23.434 7.50
2286.693 -1416.138 23.369 7.50
2286.007 -1424.412 23.303 7.50
2285.169 -1432.856 23.207 7.50
2284.109 -1441.434 23.073 7.50
2268.220 -1506.051 21.117 7.50
2265.639 -1513.903 20.758 7.50
2262.709 -1521.572 20.393 7.50
2259.624 -1529.279 19.807 7.50
2256.424 -1537.072 19.486 7.50
2253.147 -1544.841 19.274 7.50
2249.898 -1552.559 18.917 7.50
2246.600 -1560.358 18.539 7.50
2243.344 -1568.217 18.140 7.50
2239.887 -1576.364 17.742 7.50
2236.559 -1583.938 17.371 7.50
2233.103 -1592.155 16.956 7.50
2229.692 -1600.232 16.544 7.50
2226.233 -1608.472 16.054 7.50
2222.792 -1616.850 15.632 7.50
2219.547 -1625.436 15.292 7.50
2208.137 -1664.795 14.196 7.50
2205.942 -1673.679 13.937 7.50
2204.407 -1681.809 13.673 7.50
2203.175 -1690.034 13.430 7.50
2202.113 -1698.584 13.255 7.50
2201.326 -1707.223 13.060 7.50
2200.729 -1752.665 12.766 7.50
2200.800 -1760.707 12.773 7.50
2200.754 -1768.718 12.763 7.50
2200.785 -1776.781 12.766 7.50
2200.838 -1784.985 12.765 7.50
2200.781 -1792.999 12.774 7.50
2200.727 -1801.020 12.768 7.50
2200.677 -1809.045 12.760 7.50
2200.715 -1817.103 12.764 7.50
2200.671 -1825.107 12.764 7.50
2200.773 -1833.126 12.768 7.50
2200.886 -1841.167 12.776 7.50
2200.994 -1849.196 12.912 7.50
2201.004 -1857.204 13.045 7.50
2201.011 -1866.680 13.146 7.50
2199.305 -1915.299 13.123 7.50
2195.777 -1923.457 13.119 7.50
2190.947 -1930.056 13.127 7.50
2186.921 -1937.062 13.136 7.50
2182.016 -1943.787 13.124 7.50
2175.761 -1948.973 13.123 7.50
2167.776 -1952.254 13.115 7.50
2159.599 -1954.293 13.135 7.50
2151.176 -1955.624 13.128 7.50
2143.075 -1955.695 13.134 7.50
2134.473 -1955.446 13.125 7.50
2125.397 -1955.526 13.116 7.50
2117.369 -1955.495 13.128 7.50
2109.063 -1955.407 13.134 7.50
2100.538 -1955.406 13.138 7.50
2091.910 -1955.495 13.128 7.50
2083.338 -1955.582 13.122 7.50
2074.754 -1955.671 13.117 7.50
2066.240 -1955.757 13.124 7.50
2057.164 -1955.850 13.116 7.50
2048.104 -1955.942 13.117 7.50
2038.724 -1955.983 13.117 7.50
2029.054 -1956.012 13.117 7.50
2020.904 -1956.037 13.117 7.50
2012.226 -1956.055 13.117 7.50
2003.674 -1956.062 13.117 7.50
1994.988 -1956.070 13.117 7.50
1985.735 -1956.078 13.117 7.50
1936.765 -1956.036 13.123 7.50
1928.206 -1955.964 13.113 7.50
1919.220 -1955.893 13.127 7.50
1910.748 -1955.894 13.136 7.50
1902.356 -1955.848 13.133 7.50
1893.753 -1955.798 13.129 7.50
1885.575 -1955.794 13.134 7.50
1877.143 -1955.791 13.135 7.50
1867.495 -1955.787 13.131 7.50
1857.902 -1955.784 13.136 7.50
1848.435 -1955.781 13.135 7.50
1839.088 -1955.777 13.121 7.50
1829.800 -1955.774 13.119 7.50
1820.621 -1955.770 13.126 7.50
1811.569 -1955.767 13.125 7.50
1802.494 -1955.763 13.136 7.50
1793.575 -1955.760 13.133 7.50
1784.600 -1955.757 13.125 7.50
1775.549 -1955.753 13.123 7.50
1766.758 -1955.750 13.125 7.50
1757.986 -1955.746 13.129 7.50
1749.310 -1955.743 13.134 7.50
1740.659 -1955.739 13.127 7.50
1732.049 -1955.736 13.130 7.50
1723.477 -1955.733 13.106 7.50
1714.907 -1955.729 13.127 7.50
1706.433 -1955.726 13.116 7.50
1697.956 -1955.722 13.135 7.50
1689.508 -1955.719 13.121 7.50
1681.026 -1955.715 13.133 7.50
1672.676 -1955.712 13.136 7.50
1663.999 -1955.708 13.123 7.50
1655.693 -1955.705 13.133 7.50
1647.548 -1955.702 13.132 7.50
1638.955 -1955.697 13.142 7.50
1630.935 -1955.691 13.107 7.50
1620.626 -1955.827 13.121 9.00
1610.379 -1955.958 13.129 9.00
1600.261 -1955.808 13.124 9.00
1590.071 -1955.802 13.129 9.00
1578.937 -1955.797 13.125 9.00
1568.640 -1955.792 13.131 9.00
1557.869 -1955.787 13.115 9.00
1546.357 -1955.781 13.122 9.00
1536.184 -1955.773 13.111 9.00
1526.062 -1955.765 13.120 9.00
1514.772 -1955.759 13.119 9.00
1504.750 -1955.754 13.116 9.00
1493.562 -1955.750 13.120 9.00
1482.119 -1955.745 13.119 9.00
1471.021 -1955.741 13.119 9.00
1459.961 -1955.736 13.120 9.00
1448.609 -1955.687 13.118 9.00
1437.607 -1955.121 12.783 9.00
1426.267 -1954.380 12.439 9.00
1415.213 -1953.226 11.967 9.00
1403.885 -1951.333 11.253 9.00
1392.880 -1948.784 10.262 9.00
1383.038 -1946.141 9.142 9.00
1373.124 -1943.058 8.188 9.00
1363.596 -1939.566 6.907 9.00
1353.728 -1935.608 5.391 9.00
1343.836 -1931.253 3.590 9.00
1334.194 -1925.894 1.981 9.00
1325.332 -1919.652 0.671 9.00
1316.701 -1912.432 -0.339 9.00
1308.359 -1904.799 -1.255 9.00
1300.143 -1897.025 -1.886 9.00
1292.331 -1889.408 -2.385 9.00
1284.436 -1881.456 -3.000 9.00
1276.759 -1873.384 -3.148 9.00
1269.407 -1865.171 -3.296 9.00
1262.348 -1857.279 -3.418 9.00
1255.171 -1849.166 -3.665 9.00
1248.077 -1841.061 -3.901 9.00
1241.050 -1833.033 -4.047 9.00
1234.309 -1825.278 -4.183 9.00
1227.413 -1817.272 -4.322 9.00
1220.557 -1809.312 -4.455 9.00
1213.743 -1801.402 -4.531 9.00
1206.968 -1793.538 -4.617 9.00
1200.434 -1785.953 -4.690 9.00
1193.728 -1778.168 -4.758 9.00
1187.057 -1770.425 -4.787 9.00
1180.442 -1762.745 -4.822 9.00
1173.029 -1754.140 -4.849 9.00
1166.457 -1746.510 -4.870 9.00
1159.153 -1738.031 -4.861 9.00
1152.620 -1730.447 -4.854 9.00
1145.347 -1722.005 -4.851 9.00
1137.908 -1713.369 -4.824 9.00
1130.716 -1705.019 -4.782 9.00
1123.339 -1696.456 -4.741 9.00
1116.174 -1688.137 -4.686 9.00
1108.848 -1679.633 -4.632 9.00
1101.740 -1671.382 -4.567 9.00
1094.654 -1663.156 -4.492 9.00
1087.416 -1654.754 -4.438 9.00
1080.371 -1646.575 -4.345 9.00
1073.132 -1638.221 -4.260 9.00
1066.096 -1630.148 -4.169 9.00
1058.852 -1621.870 -4.082 9.00
1051.729 -1613.862 -3.992 9.00
1044.314 -1605.800 -3.893 9.00
1037.198 -1597.885 -3.796 9.00
1030.067 -1590.011 -3.700 9.00
1022.885 -1581.823 -3.595 9.00
1015.826 -1573.893 -3.498 9.00
1008.597 -1565.827 -3.390 9.00
1001.437 -1558.049 -3.303 9.00
994.021 -1550.118 -3.208 9.00
987.118 -1542.735 -3.099 9.00
980.154 -1535.270 -3.010 9.00
973.461 -1527.833 -2.933 9.00
965.711 -1519.375 -2.827 9.00
958.116 -1511.166 -2.740 9.00
950.487 -1503.106 -2.645 9.00
942.663 -1494.839 -2.550 9.00
935.188 -1486.791 -2.491 9.00
927.400 -1478.675 -2.401 9.00
919.745 -1470.859 -2.342 9.00
911.904 -1462.891 -2.269 9.00
904.299 -1455.163 -2.209 9.00
896.647 -1447.519 -2.166 9.00
888.713 -1439.778 -2.113 9.00
881.115 -1432.141 -2.074 9.00
873.295 -1424.338 -2.054 9.00
865.667 -1416.769 -2.037 9.00
857.759 -1409.086 -2.024 9.00
849.917 -1401.766 -2.001 9.00
841.865 -1394.247 -2.032 9.00
834.024 -1386.926 -2.041 9.00
826.182 -1379.605 -2.070 9.00
818.124 -1372.084 -2.093 9.00
810.166 -1364.873 -2.079 9.00
802.001 -1357.494 -2.044 9.00
794.078 -1350.334 -2.015 9.00
785.918 -1343.002 -1.984 9.00
777.895 -1335.935 -1.954 9.00
769.820 -1328.947 -1.861 9.00
761.551 -1321.796 -1.687 9.00
753.479 -1314.940 -1.545 9.00
745.119 -1308.001 -1.381 9.00
737.066 -1301.050 -1.230 9.00
728.371 -1293.706 -1.060 9.00
719.594 -1286.459 -0.748 9.00
711.778 -1280.097 -0.513 9.00
703.905 -1273.915 -0.267 9.00
695.151 -1267.171 0.011 9.00
686.451 -1260.471 0.287 9.00
677.597 -1253.649 0.635 9.00
669.023 -1247.074 0.991 9.00
660.224 -1240.578 1.351 9.00
651.793 -1234.126 1.713 9.00
643.012 -1227.414 2.095 9.00
633.946 -1220.944 2.466 9.00
625.604 -1215.172 2.884 9.00
617.341 -1209.452 3.285 9.00
608.223 -1203.142 3.716 9.00
598.957 -1196.730 4.157 9.00
589.967 -1190.678 4.589 9.00
581.011 -1184.800 5.071 9.00
571.839 -1178.996 5.559 9.00
562.762 -1173.252 6.032 9.00
553.111 -1167.145 6.536 9.00
543.484 -1161.208 7.038 9.00
534.877 -1156.036 7.504 9.00
525.290 -1150.521 8.027 9.00
515.554 -1144.994 8.553 9.00
506.152 -1139.657 9.059 9.00
496.647 -1134.301 9.554 9.00
487.194 -1129.441 10.057 9.00
477.186 -1124.304 10.600 9.00
467.115 -1119.154 11.135 9.00
458.085 -1114.647 11.604 9.00
448.085 -1109.661 12.118 9.00
437.966 -1104.631 12.652 9.00
428.120 -1100.070 13.153 9.00
418.296 -1095.791 13.627 9.00
408.249 -1091.646 14.101 9.00
398.331 -1087.553 14.596 9.00
387.888 -1083.048 15.113 9.00
377.170 -1078.863 15.575 9.00
367.711 -1075.422 15.985 9.00
357.345 -1071.492 16.440 9.00
346.778 -1067.739 16.897 9.00
336.566 -1064.127 17.342 9.00
326.155 -1060.708 17.737 9.00
315.975 -1057.675 18.098 9.00
305.504 -1054.642 18.474 9.00
294.911 -1051.510 18.845 9.00
285.250 -1048.655 19.183 9.00
275.497 -1046.061 19.493 9.00
264.562 -1043.425 19.781 9.00
253.492 -1040.972 20.062 9.00
242.779 -1038.390 20.343 9.00
232.090 -1036.074 20.626 9.00
221.198 -1034.114 20.885 9.00
210.583 -1032.387 21.022 9.00
199.716 -1030.617 21.184 9.00
189.176 -1028.949 21.332 9.00
178.342 -1027.283 21.490 9.00
167.851 -1025.780 21.646 9.00
157.382 -1024.567 21.685 9.00
146.521 -1023.584 21.697 9.00
135.921 -1022.761 21.729 9.00
125.064 -1021.963 21.738 9.00
114.490 -1021.186 21.762 9.00
103.608 -1020.736 21.687 9.00
92.479 -1020.457 21.522 9.00
82.304 -1020.360 21.532 9.00
74.069 -1020.090 21.342 7.50
65.855 -1020.010 21.251 7.50
57.177 -1019.926 21.138 7.50
48.608 -1019.842 21.037 7.50
40.367 -1019.762 20.745 7.50
31.579 -1019.704 20.608 7.50
22.622 -1019.675 20.544 7.50
14.436 -1019.648 20.516 7.50
6.003 -1019.620 20.480 7.50
-2.936 -1019.590 20.420 7.50
-11.558 -1019.570 20.345 7.50
-20.159 -1019.729 20.209 7.50
-28.747 -1019.826 19.993 7.50
-37.309 -1019.878 19.715 7.50
-45.920 -1019.932 19.335 7.50
-54.532 -1019.951 18.805 7.50
-63.190 -1019.859 18.140 7.50
-71.945 -1019.924 17.327 7.50
-80.884 -1019.994 16.313 7.50
-89.818 -1020.065 15.050 7.50
-98.902 -1020.253 13.873 7.50
-108.322 -1020.779 12.695 7.50
-117.402 -1021.730 12.015 7.50
-126.877 -1022.952 11.386 7.50
-135.942 -1024.761 11.038 7.50
-144.847 -1027.189 10.878 7.50
-153.711 -1029.609 10.805 7.50
-162.474 -1032.057 10.979 7.50
-170.991 -1034.936 11.152 7.50
-179.207 -1038.165 11.572 7.50
-187.303 -1041.537 11.969 7.50
-195.127 -1045.075 12.551 7.50
-202.831 -1049.144 13.167 7.50
-210.054 -1053.259 13.876 7.50
-217.078 -1057.356 14.617 7.50
-223.826 -1061.635 15.425 7.50
-230.387 -1066.286 16.302 7.50
-236.644 -1071.486 17.218 7.50
-242.527 -1077.251 18.241 7.50
-248.118 -1083.325 19.285 7.50
-253.179 -1089.916 20.396 7.50
-257.759 -1096.908 21.541 7.50
-262.477 -1103.818 22.679 7.50
-267.487 -1110.653 23.821 7.50
-272.626 -1117.753 25.002 7.50
-277.559 -1124.735 26.153 7.50
-282.435 -1131.691 27.287 7.50
-287.411 -1138.666 28.407 7.50
-292.319 -1145.463 29.492 7.50
-297.120 -1152.070 30.540 7.50
-301.885 -1158.448 31.571 7.50
-306.742 -1164.808 32.574 7.50
-311.592 -1171.294 33.562 7.50
-316.516 -1177.803 34.509 7.50
-321.579 -1184.350 35.465 7.50
-326.698 -1190.968 36.377 7.50
-331.870 -1197.653 37.273 7.50
-337.295 -1204.614 38.167 7.50
-342.663 -1211.294 38.893 7.50
-347.949 -1217.840 39.541 7.50
-353.546 -1223.941 40.096 7.50
-359.317 -1229.748 40.491 7.50
-365.545 -1234.951 40.786 7.50
-372.271 -1239.365 41.035 7.50
-380.403 -1244.101 41.251 7.50
-387.666 -1247.567 41.387 7.50
-395.354 -1250.513 41.504 7.50
-403.352 -1253.399 41.588 7.50
-411.604 -1255.818 41.647 7.50
-420.074 -1257.387 41.686 7.50
-428.510 -1258.709 41.707 7.50
-436.968 -1259.124 41.711 7.50
-445.462 -1259.163 41.703 7.50
-453.904 -1258.777 41.691 7.50
-462.458 -1257.211 41.669 7.50
-470.588 -1255.280 41.652 7.50
-478.537 -1252.789 41.626 7.50
-486.031 -1249.183 41.610 7.50
-492.966 -1244.598 41.597 7.50
-499.713 -1239.779 41.605 7.50
-506.186 -1234.620 41.604 7.50
-512.597 -1229.404 41.608 7.50
-519.054 -1224.270 41.605 7.50
-525.613 -1219.333 41.603 7.50
-532.147 -1214.334 41.608 7.50
-538.604 -1209.251 41.603 7.50
-545.053 -1204.174 41.611 7.50
-551.726 -1198.919 41.599 7.50
-558.163 -1193.852 41.605 7.50
-564.594 -1188.790 41.600 7.50
-571.007 -1183.741 41.611 7.50
-577.428 -1178.686 41.610 7.50
-583.821 -1173.652 41.607 7.50
-590.211 -1168.622 41.603 7.50
-596.620 -1163.577 41.602 7.50
-602.990 -1158.562 41.767 7.50
-609.378 -1153.532 41.918 7.50
-615.820 -1148.704 42.266 7.50
-622.391 -1144.099 42.740 7.50
-629.611 -1139.661 43.344 7.50
-636.681 -1135.860 44.112 7.50
-644.583 -1132.271 45.071 7.50
-652.401 -1129.153 46.167 7.50
-660.449 -1126.621 47.399 7.50
-668.673 -1124.762 48.701 7.50
-676.973 -1123.529 50.177 7.50
-685.286 -1122.665 51.679 7.50
-693.596 -1122.504 53.234 7.50
-701.825 -1123.071 54.757 7.50
-709.952 -1124.471 56.255 7.50
-717.916 -1126.679 57.661 7.50
-725.784 -1129.149 58.916 7.50
-733.601 -1132.284 60.085 7.50
-741.456 -1135.923 60.952 7.50
-748.897 -1140.146 61.456 7.50
-756.294 -1144.534 61.894 7.50
-763.317 -1149.464 62.218 7.50
-769.892 -1154.395 62.587 7.50
-776.508 -1159.871 63.051 7.50
-782.542 -1165.418 63.554 7.50
-788.183 -1171.163 64.131 7.50
-793.132 -1177.452 64.794 7.50
-797.785 -1184.063 65.543 7.50
-801.741 -1191.279 66.356 7.50
-805.395 -1198.756 67.230 7.50
-808.810 -1206.438 68.162 7.50
-811.577 -1214.448 69.125 7.50
-813.977 -1222.642 70.112 7.50
-816.237 -1230.911 71.138 7.50
-818.088 -1239.107 72.123 7.50
-819.776 -1247.130 73.103 7.50
-821.219 -1255.296 74.085 7.50
-822.612 -1263.206 75.038 7.50
-823.907 -1271.195 76.000 7.50
-825.157 -1279.282 76.984 7.50
-826.299 -1287.464 77.977 7.50
-827.404 -1295.731 78.967 7.50
-828.519 -1304.067 79.976 7.50
-829.642 -1312.467 80.999 7.50
-830.772 -1320.928 82.018 7.50
-831.909 -1329.432 83.042 7.50
-833.026 -1337.784 84.053 7.50
-834.116 -1345.938 85.018 7.50
-835.191 -1353.979 85.979 7.50
-836.488 -1362.432 86.921 7.50
-837.843 -1370.298 87.848 7.50
-839.643 -1378.297 88.743 7.50
-842.542 -1385.807 89.610 7.50
-844.436 -1393.744 90.444 7.50
-846.405 -1401.900 91.391 7.50
-848.606 -1409.593 92.092 7.50
-851.167 -1417.171 92.854 7.50
-854.249 -1424.586 93.599 7.50
-856.725 -1432.599 94.252 7.50
-860.606 -1439.963 94.761 7.50
-864.602 -1447.526 95.300 7.50
-869.059 -1454.550 95.650 7.50
-873.860 -1461.231 95.960 7.50
-877.946 -1468.190 96.051 7.50
-884.641 -1472.914 96.061 7.50
-891.949 -1477.704 96.031 7.50
-898.590 -1482.535 95.720 7.50
-906.334 -1485.800 94.883 7.50
-914.144 -1488.338 94.094 7.50
-921.990 -1490.868 93.250 7.50
-930.720 -1493.189 92.119 7.50
-939.395 -1494.942 90.982 7.50
-947.278 -1496.514 89.792 7.50
-955.653 -1497.963 88.529 7.50
-964.239 -1499.449 87.140 7.50
-973.020 -1500.839 85.616 7.50
-982.001 -1502.018 84.007 7.50
-989.882 -1502.599 82.585 7.50
-999.236 -1503.164 80.841 7.50
-1008.748 -1503.744 78.978 7.50
-1016.681 -1504.227 77.428 7.50
-1025.060 -1504.737 75.667 7.50
-1033.203 -1505.232 73.987 7.50
-1041.384 -1505.838 72.190 7.50
-1050.098 -1506.583 70.273 7.50
-1058.491 -1507.434 68.382 7.50
-1067.308 -1508.610 66.311 7.50
-1075.853 -1509.768 64.317 7.50
-1084.424 -1511.203 62.192 7.50
-1093.444 -1512.739 59.972 7.50
-1102.225 -1514.231 57.763 7.50
-1111.442 -1515.745 55.437 7.50
-1120.392 -1516.923 53.212 7.50
-1129.361 -1518.089 50.986 7.50
-1138.772 -1519.065 48.718 7.50
-1147.809 -1519.920 46.572 7.50
-1157.229 -1520.545 44.396 7.50
-1166.318 -1520.795 42.374 7.50
-1175.403 -1520.571 40.398 7.50
-1184.886 -1520.271 38.484 7.50
-1193.949 -1519.998 36.662 7.50
-1203.393 -1519.582 34.967 7.50
-1212.437 -1519.123 33.329 7.50
-1221.368 -1518.437 31.954 7.50
-1230.658 -1517.698 30.492 7.50
-1239.533 -1517.117 29.329 7.50
-1248.713 -1516.517 28.156 7.50
-1257.443 -1515.947 27.144 7.50
-1266.129 -1515.380 26.346 7.50
-1275.154 -1514.791 25.466 7.50
-1283.770 -1514.229 24.918 7.50
-1292.698 -1513.646 24.333 7.50
-1301.198 -1513.091 23.862 7.50
-1309.636 -1512.698 23.567 7.50
-1318.368 -1512.413 23.252 7.50
-1326.639 -1512.162 23.309 7.50
-1335.161 -1511.966 23.310 7.50
-1343.232 -1511.781 23.298 7.50
-1352.942 -1511.573 23.230 7.50
-1362.546 -1511.398 23.158 7.50
-1372.045 -1511.226 23.068 7.50
-1380.122 -1511.079 22.892 7.50
-1389.482 -1510.908 22.729 7.50
-1398.777 -1510.741 22.493 7.50
-1408.023 -1510.573 22.235 7.50
-1417.226 -1510.406 21.978 7.50
-1426.357 -1510.239 21.668 7.50
-1435.494 -1510.073 21.373 7.50
-1444.600 -1509.795 21.059 7.50
-1453.681 -1509.439 20.700 7.50
-1462.735 -1508.869 20.353 7.50
-1471.774 -1508.291 20.003 7.50
-1480.802 -1507.715 19.627 7.50
-1489.819 -1507.139 19.259 7.50
-1499.150 -1506.544 18.881 7.50
-1508.142 -1505.834 18.499 7.50
-1517.119 -1505.018 18.135 7.50
-1526.050 -1504.136 17.751 7.50
-1535.000 -1503.161 17.388 7.50
-1543.978 -1501.948 17.013 7.50
-1552.945 -1500.732 16.649 7.50
-1561.870 -1499.385 16.313 7.50
-1570.595 -1497.944 15.970 7.50
-1579.647 -1496.200 15.633 7.50
-1588.209 -1494.509 15.346 7.50
-1597.273 -1492.640 15.054 7.50
-1605.744 -1490.726 14.768 7.50
-1614.421 -1488.660 14.539 7.50
-1623.278 -1486.288 14.291 7.50
-1631.709 -1483.620 14.096 7.50
-1640.089 -1480.814 13.939 7.50
-1648.443 -1478.021 13.782 7.50
-1656.770 -1475.234 13.653 7.50
-1664.960 -1472.179 13.620 7.50
-1672.960 -1468.759 13.550 7.50
-1680.872 -1465.219 13.528 7.50
-1688.574 -1461.344 13.521 7.50
-1696.121 -1457.195 13.524 7.50
-1703.513 -1452.911 13.522 7.50
-1710.651 -1448.279 13.517 7.50
-1717.827 -1443.224 13.522 7.50
-1724.654 -1438.245 13.529 7.50
-1731.330 -1433.113 13.523 7.50
-1737.837 -1427.813 13.533 7.50
-1744.173 -1422.337 13.531 7.50
-1750.494 -1416.877 13.531 7.50
-1756.796 -1411.423 13.528 7.50
-1762.893 -1405.770 13.527 7.50
-1768.946 -1400.093 13.535 7.50
-1774.730 -1394.172 13.520 7.50
-1780.415 -1388.169 13.529 7.50
-1786.032 -1382.123 13.530 7.50
-1791.520 -1375.971 13.522 7.50
-1797.125 -1369.552 13.529 7.50
-1802.406 -1363.255 13.536 7.50
-1807.675 -1356.959 13.527 7.50
-1812.822 -1350.573 13.526 7.50
-1817.932 -1344.169 13.524 7.50
-1822.871 -1337.642 13.521 7.50
-1827.802 -1331.117 13.529 7.50
-1832.729 -1324.597 13.530 7.50
-1837.652 -1318.081 13.520 7.50
-1842.479 -1311.502 13.527 7.50
-1847.260 -1304.898 13.536 7.50
-1850.905 -1299.944 13.496 7.00
-1855.838 -1293.103 13.529 7.00
-1860.786 -1286.118 13.522 7.00
-1865.682 -1278.671 13.520 7.00
-1870.272 -1271.690 13.524 7.00
-1874.641 -1264.955 13.530 7.00
-1879.152 -1257.719 13.530 7.00
-1883.760 -1250.328 13.524 7.00
-1888.732 -1242.352 13.530 7.00
-1893.112 -1235.325 13.528 7.00
-1897.629 -1228.079 13.530 7.00
-1902.124 -1220.709 13.525 7.00
-1906.531 -1213.327 13.525 7.00
-1911.075 -1205.715 13.522 7.00
-1915.416 -1198.377 13.522 7.00
-1919.681 -1191.032 13.548 7.00
-1923.620 -1183.557 13.635 7.00
-1927.459 -1176.073 13.707 7.00
-1931.256 -1168.651 13.888 7.00
-1934.876 -1161.177 14.103 7.00
-1938.414 -1153.722 14.324 7.00
-1941.819 -1146.285 14.681 7.00
-1945.053 -1138.846 15.008 7.00
-1948.157 -1131.428 15.396 7.00
-1950.993 -1123.918 15.828 7.00
-1953.761 -1116.185 16.262 7.00
-1956.645 -1107.991 16.803 7.00
-1959.272 -1099.861 17.323 7.00
-1961.797 -1091.643 17.884 7.00
-1964.144 -1083.511 18.446 7.00
-1966.100 -1075.409 18.989 7.00
-1967.824 -1067.376 19.542 7.00
-1969.527 -1059.450 20.079 7.00
-1971.204 -1051.635 20.597 7.00
-1972.738 -1043.693 21.097 7.00
-1974.216 -1035.511 21.660 7.00
-1975.522 -1027.162 22.120 7.00
-1976.594 -1018.636 22.592 7.00
-1977.559 -1010.124 23.018 7.00
-1978.218 -1001.688 23.423 7.00
-1978.840 -993.349 23.809 7.00
-1979.445 -985.113 24.096 7.00
-1979.898 -976.908 24.401 7.00
-1980.348 -968.474 24.657 7.00
-1980.525 -960.363 24.827 7.00
-1980.667 -952.258 25.006 7.00
-1980.810 -944.213 25.140 7.00
-1980.836 -936.166 25.200 7.00
-1980.766 -926.735 25.268 7.00
-1980.772 -918.716 25.308 7.00
-1980.643 -910.683 25.300 7.00
-1980.671 -901.537 25.306 7.00
-1980.705 -893.247 25.299 7.00
-1980.739 -885.227 25.304 7.00
-1980.657 -877.187 25.302 7.00
-1980.523 -869.145 25.299 7.00
-1980.537 -860.905 25.298 7.00
-1980.540 -849.084 25.296 7.00
-1980.328 -837.266 25.298 7.00
-1980.180 -825.929 25.301 7.00
-1980.214 -814.905 25.295 7.00
-1980.306 -803.143 25.299 7.00
-1980.393 -792.008 25.301 7.00
-1980.481 -780.690 25.298 7.00
-1980.574 -769.020 25.299 7.00
-1980.663 -757.650 25.298 7.00
-1980.748 -746.413 25.297 7.00
-1980.831 -734.867 25.299 7.00
-1980.855 -723.705 25.298 7.00
-1980.895 -712.286 25.305 7.00
-1981.020 -701.197 25.306 7.00
-1981.149 -689.888 25.302 7.00
-1981.166 -682.796 25.288 7.00
-1981.187 -671.438 25.300 7.00
-1981.325 -659.774 25.297 7.00
-1981.458 -648.490 25.297 7.00
-1981.604 -636.194 25.307 7.00
-1981.743 -624.441 25.305 7.00
-1981.890 -612.031 25.298 7.00
-1982.099 -558.960 25.294 7.00
-1982.026 -547.528 25.290 7.00
-1982.043 -536.518 25.291 7.00
-1981.938 -525.244 25.291 7.00
-1981.686 -512.817 25.291 7.00
-1981.162 -500.432 25.291 7.00
-1980.341 -488.090 25.289 7.00
-1979.433 -475.780 25.291 7.00
-1978.305 -463.392 25.291 7.00
-1976.855 -451.296 25.286 7.00
-1975.622 -440.268 25.291 7.00
-1974.259 -428.074 25.291 7.00
-1972.895 -415.883 25.290 7.00
-1971.573 -403.729 25.291 7.00
-1970.329 -391.560 25.289 7.00
-1969.406 -380.560 25.289 7.00
-1968.604 -368.373 25.290 7.00
-1967.995 -356.144 25.285 7.00
-1967.438 -344.019 25.292 7.00
-1966.493 -331.839 25.291 7.00
-1965.069 -319.542 25.293 7.00
-1963.632 -307.528 25.288 7.00
-1961.879 -295.603 25.294 7.00
-1960.087 -283.426 25.286 7.00
-1958.303 -271.322 25.290 7.00
-1950.238 -207.402 25.286 7.00
-1949.080 -195.345 25.291 7.00
-1948.014 -183.330 25.293 7.00
-1947.071 -171.282 25.290 7.00
-1946.506 -159.179 25.290 7.00
-1946.517 -146.831 25.290 7.00
-1946.453 -134.740 25.293 7.00
-1946.523 -122.673 25.291 7.00
-1946.593 -110.590 25.290 7.00
-1946.630 -98.487 25.294 7.00
-1946.422 -86.382 25.290 7.00
-1946.256 -43.841 25.299 7.00
-1946.421 -31.740 25.288 7.00
-1946.504 -20.372 25.288 7.00
-1946.493 -8.990 25.287 7.00
-1946.512 2.696 25.288 7.00
-1946.503 13.996 25.285 7.00
-1946.470 25.226 25.293 7.00
-1946.435 36.647 25.294 7.00
-1946.400 47.809 25.292 7.00
-1946.365 59.140 25.293 7.00
-1946.332 70.194 25.293 7.00
-1946.299 81.511 25.297 7.00
-1946.263 93.952 25.303 7.00
-1946.226 106.417 25.300 7.00
-1946.189 118.774 25.306 7.00
-1946.137 129.973 25.292 7.00
-1945.858 142.029 25.288 7.00
-1945.592 153.154 25.290 7.00
-1944.950 165.447 25.300 7.00
-1944.289 176.489 25.294 7.00
-1943.260 188.693 25.293 7.00
-1942.139 200.914 25.185 7.00
-1940.761 213.120 24.900 7.00
-1938.506 225.306 24.212 7.00
-1936.481 236.151 23.565 7.00
-1933.872 247.277 22.547 7.00
-1930.678 258.120 21.384 7.00
-1926.137 269.093 20.123 7.00
-1920.420 279.270 18.565 7.00
-1913.243 289.187 16.964 7.00
-1904.760 297.963 15.344 7.00
-1896.420 305.052 13.753 7.00
-1887.431 311.592 12.150 7.00
-1878.449 317.894 10.601 7.00
-1868.959 324.180 8.972 7.00
-1859.287 330.584 7.257 7.00
-1849.810 337.254 5.360 7.00
-1840.437 343.768 3.685 7.00
-1830.509 350.263 1.944 7.00
-1820.487 356.748 0.870 7.00
-1810.594 363.313 0.245 7.00
-1800.833 369.878 0.046 7.00
-1791.603 376.265 0.305 7.00
-1782.282 382.805 0.772 7.00
-1773.273 389.125 1.389 7.00
-1763.445 396.127 2.216 7.00
-1753.672 403.098 3.190 7.00
-1744.390 409.913 4.346 7.00
-1735.562 416.398 5.553 7.00
-1726.641 422.950 6.839 7.00
-1717.153 429.921 8.267 7.00
-1708.255 436.379 9.786 7.00
-1698.328 443.516 11.526 7.00
-1688.406 450.812 13.312 7.00
-1679.259 457.338 14.917 7.00
-1670.460 463.929 16.595 7.00
-1661.630 470.546 18.275 7.00
-1652.422 477.226 20.007 7.00
-1643.358 483.732 21.587 7.00
-1634.075 490.394 23.203 7.00
-1624.958 496.938 24.700 7.00
-1615.557 503.686 26.221 7.00
-1606.614 510.104 27.709 7.00
-1597.587 516.583 29.141 7.00
-1588.302 523.252 30.496 7.00
-1579.274 529.946 31.737 8.75
-1570.291 536.729 32.702 8.75
-1560.773 543.615 33.467 8.75
-1551.751 550.082 33.877 8.75
-1542.188 556.934 34.077 8.75
-1532.702 563.814 34.161 8.75
-1522.947 570.888 34.160 8.75
-1513.069 578.053 34.161 8.75
-1503.039 585.327 34.159 8.75
-1492.954 592.642 34.157 8.75
-1483.955 599.169 34.157 8.75
-1474.678 605.898 34.157 8.75
-1465.598 612.483 34.157 8.75
-1456.202 619.298 34.163 8.75
-1446.996 625.975 34.160 8.75
-1437.560 632.819 34.158 8.75
-1428.414 639.517 34.157 8.75
-1419.476 646.121 34.156 8.75
-1409.490 653.500 34.159 8.75
-1399.681 660.494 34.161 8.75
-1389.679 667.629 34.163 8.75
-1379.619 674.938 34.165 8.75
-1370.644 681.460 34.167 8.75
-1361.354 688.209 34.155 8.75
-1352.349 694.751 34.160 8.75
-1343.000 701.544 34.157 8.75
-1333.757 708.259 34.157 8.75
-1324.404 715.054 34.161 8.75
-1315.193 721.746 34.155 8.75
-1305.747 728.610 34.163 8.75
-1296.056 735.651 34.153 8.75
-1286.360 742.695 34.162 8.75
-1276.525 749.841 34.159 8.75
-1266.778 756.923 34.156 8.75
-1256.875 764.117 34.164 8.75
-1246.748 771.475 34.161 8.75
-1236.913 778.742 34.157 8.75
-1226.993 786.025 34.155 8.75
-1218.028 792.470 34.159 8.75
-1207.851 799.859 34.163 8.75
-1198.879 806.387 34.160 8.75
-1188.859 813.736 34.156 8.75
-1178.957 820.997 34.158 8.75
-1168.872 828.393 34.158 8.75
-1159.830 835.024 34.154 8.75
-1150.391 841.946 34.159 8.75
-1141.505 848.463 34.149 10.25
-1131.936 855.480 34.165 10.25
-1121.987 862.464 34.155 10.25
-1113.020 868.875 34.161 10.25
-1103.319 875.868 34.160 10.25
-1094.152 882.476 34.162 10.25
-1084.507 889.428 34.156 10.25
-1075.005 896.293 34.155 10.25
-1065.439 903.284 34.156 10.25
-1055.556 910.571 34.156 10.25
-1045.860 917.721 34.156 10.25
-1035.760 925.005 34.156 10.25
-1025.857 932.060 34.157 10.25
-1015.647 939.409 34.156 10.25
-1005.699 946.635 34.155 10.25
-996.666 953.276 34.185 10.25
-987.213 960.223 34.213 10.25
-977.800 967.142 34.212 10.25
-968.167 974.223 34.212 10.25
-958.646 981.221 34.213 10.25
-948.722 988.441 33.898 10.25
-938.582 995.888 34.189 10.25
-928.765 1003.217 34.211 10.25
-918.639 1010.646 34.177 10.25
-909.065 1017.517 34.167 10.25
-899.643 1024.280 34.161 10.25
-890.663 1030.735 34.153 10.25
-881.647 1037.414 34.162 10.25
-872.145 1044.292 34.159 10.25
-862.774 1051.063 34.156 10.25
-853.005 1058.120 34.156 10.25
-843.391 1065.066 34.159 10.25
-833.273 1072.376 34.137 10.25
-823.969 1079.097 34.146 10.25
-814.688 1085.803 34.088 10.25
-804.829 1092.925 33.957 10.25
-794.712 1100.235 33.792 10.25
-784.685 1107.479 33.500 10.25
-775.377 1114.204 33.212 10.25
-766.249 1120.797 32.826 10.25
-757.125 1127.155 32.448 10.25
-746.796 1134.172 31.993 10.25
-737.469 1140.257 31.540 10.25
-727.219 1146.598 31.029 10.25
-716.397 1152.967 30.471 10.25
-706.652 1158.283 29.973 10.25
-696.716 1163.223 29.469 10.25
-685.793 1168.220 28.977 10.25
-675.086 1172.720 28.493 10.25
-664.162 1175.658 28.031 10.25
-653.355 1177.906 27.603 10.25
-642.353 1180.716 27.250 9.00
-630.856 1183.247 26.944 9.00
-619.760 1185.665 26.720 9.00
-608.908 1187.938 26.576 9.00
-597.307 1190.381 26.517 9.00
-585.140 1192.944 26.541 9.00
-573.989 1195.297 26.649 9.00
-562.603 1197.699 26.817 9.00
-551.649 1200.012 27.090 9.00
-540.537 1202.420 27.372 9.00
-529.764 1204.749 27.658 9.00
-518.855 1207.156 27.952 9.00
-506.841 1209.729 28.286 9.00
-494.968 1212.393 28.592 9.00
-483.211 1214.989 28.900 9.00
-471.485 1217.513 29.187 9.00
-460.565 1219.865 29.430 9.00
-449.522 1222.243 29.673 9.00
-438.448 1224.628 29.879 9.00
-427.182 1227.054 30.051 9.00
-416.231 1229.412 30.205 9.00
-405.148 1231.798 30.302 9.00
-394.369 1234.119 30.362 9.00
-383.363 1236.490 30.370 9.00
-371.252 1239.098 30.297 9.00
-359.188 1242.012 30.171 9.00
-347.160 1245.205 30.013 9.00
-268.783 1265.221 28.253 9.00
-257.728 1267.660 27.911 9.00
-246.846 1269.708 27.403 9.00
-235.394 1271.860 26.772 9.00
-224.316 1273.935 26.092 9.00
-212.947 1275.946 25.287 9.00
-200.889 1278.000 24.407 9.00
-189.725 1279.659 23.554 9.00
-178.199 1281.369 22.684 9.00
-167.264 1282.806 21.878 9.00
-155.848 1284.255 21.063 9.00
-144.874 1285.642 20.417 9.00
-135.922 1286.506 19.917 6.75
-126.913 1287.452 19.457 6.75
-117.793 1288.405 19.149 6.75
-108.610 1289.370 18.825 6.75
-99.017 1290.381 18.622 6.75
-70.629 1293.077 18.095 6.75
-60.487 1293.899 17.949 6.75
-50.343 1294.575 17.819 6.75
-40.155 1294.997 17.725 6.75
-30.397 1295.404 17.652 6.75
-20.352 1295.685 17.602 6.75
-10.326 1295.873 17.592 6.75
-0.340 1295.910 17.591 6.75
9.300 1295.614 17.588 6.75
19.222 1295.027 17.639 6.75
29.033 1294.417 17.735 6.75
38.779 1293.810 17.972 6.75
48.145 1292.813 18.242 6.75
57.672 1291.583 18.562 6.75
67.139 1290.363 18.950 6.75
76.509 1288.821 19.357 6.75
85.865 1287.064 19.763 6.75
95.171 1285.092 20.196 6.75
104.911 1282.711 20.648 6.75
114.689 1280.128 21.075 6.75
124.043 1277.266 21.455 6.75
133.269 1274.017 21.779 6.75
142.515 1270.754 22.064 6.75
151.537 1267.502 22.257 6.75
160.399 1263.937 22.364 6.75
169.328 1260.334 22.439 6.75
178.142 1256.491 22.431 6.75
186.931 1252.611 22.432 6.75
195.492 1248.950 22.435 6.75
204.321 1245.184 22.431 6.75
213.200 1241.557 22.431 6.75
222.201 1238.266 22.431 6.75
230.944 1235.124 22.434 6.75
239.963 1231.904 22.431 6.75
249.064 1228.934 22.429 6.75
258.184 1226.040 22.431 6.75
267.076 1223.399 22.435 6.75
276.336 1221.018 22.422 6.75
285.581 1218.654 22.433 6.75
294.913 1216.585 22.375 6.75
303.998 1214.702 22.318 6.75
313.422 1212.902 22.194 6.75
322.935 1211.368 22.060 6.75
332.520 1210.410 21.833 6.75
341.839 1209.373 21.577 6.75
351.465 1208.175 21.265 6.75
361.205 1207.403 20.864 6.75
371.022 1206.793 20.456 6.75
380.614 1206.497 19.986 6.75
390.576 1206.716 19.484 6.75
400.599 1207.122 18.941 6.75
410.678 1207.807 18.372 6.75
420.793 1208.841 17.787 6.75
430.630 1210.121 17.214 6.75
440.750 1212.038 16.603 6.75
450.888 1214.097 15.994 6.75
461.017 1216.428 15.404 6.75
470.838 1218.982 14.850 6.75
480.756 1222.287 14.299 6.75
490.495 1226.096 13.784 6.75
500.212 1230.160 13.322 6.75
509.341 1234.674 12.916 6.75
518.557 1239.701 12.550 6.75
527.689 1244.835 12.303 6.75
536.795 1249.954 12.052 6.75
545.570 1254.884 11.887 6.75
554.611 1259.963 11.736 6.75
563.569 1265.105 11.614 6.75
572.455 1270.220 11.502 6.75
581.121 1275.029 11.432 6.75
589.979 1280.128 11.375 6.75
598.768 1285.188 11.378 6.75
607.511 1290.223 11.366 6.75
615.935 1295.110 11.365 6.75
624.560 1300.176 11.365 6.75
633.055 1305.377 11.370 6.75
641.498 1310.596 11.368 6.75
649.569 1315.780 11.371 6.75
657.839 1321.156 11.362 6.75
665.901 1326.785 11.370 6.75
673.654 1332.787 11.369 6.75
681.374 1338.795 11.362 6.75
688.831 1344.599 11.372 6.75
696.291 1350.850 11.359 6.75
703.193 1357.691 11.348 6.75
709.172 1365.306 11.333 6.75
714.347 1373.161 11.314 6.75
718.724 1381.746 11.268 6.75
722.536 1390.633 11.225 6.75
725.378 1399.845 11.160 6.75
727.760 1408.912 11.089 6.75
730.214 1418.222 11.008 6.75
732.370 1427.641 10.910 6.75
734.131 1437.183 10.809 6.75
735.374 1446.432 10.680 6.75
736.509 1456.066 10.556 6.75
737.550 1465.724 10.407 6.75
738.443 1475.416 10.256 6.75
739.228 1485.072 10.075 6.75
739.806 1494.524 9.917 6.75
740.357 1504.364 9.737 6.75
740.701 1514.170 9.546 6.75
740.897 1523.868 9.359 6.75
741.001 1533.713 9.160 6.75
741.003 1543.533 8.971 6.75
741.184 1553.096 8.769 6.75
741.227 1562.945 8.562 6.75
741.268 1572.840 8.344 6.75
741.308 1582.747 8.138 6.75
741.349 1592.666 7.937 6.75
741.388 1602.355 7.744 6.75
741.428 1612.265 7.538 6.75
741.396 1622.210 7.343 6.75
741.245 1631.860 7.156 6.75
741.187 1641.817 6.964 6.75
741.198 1651.776 6.771 6.75
741.080 1661.735 6.597 6.75
741.020 1671.694 6.429 6.75
741.102 1681.318 6.274 6.75
741.106 1691.271 6.140 6.75
741.003 1701.219 5.985 6.75
740.897 1711.158 5.872 6.75
740.826 1720.788 5.747 6.75
740.841 1730.708 5.651 6.75
740.803 1740.615 5.566 6.75
740.725 1750.505 5.487 6.75
740.651 1760.075 5.329 6.75
740.573 1769.966 5.167 6.75
740.496 1779.850 5.095 6.75
740.419 1789.721 5.025 6.75
740.345 1799.280 4.953 6.75
740.268 1809.123 4.901 6.75
740.192 1818.944 4.912 6.75
739.777 1872.228 4.914 6.75
739.703 1881.763 4.910 6.75
739.632 1890.906 4.916 6.75
739.300 1933.661 4.905 6.75
739.267 1943.237 4.920 6.75
739.338 1952.726 4.916 6.75
739.313 1962.217 4.918 6.75
739.289 1971.427 4.924 6.75
739.130 1980.895 4.921 6.75
739.049 1990.395 4.965 6.75
738.969 1999.848 5.259 6.75
738.893 2009.067 5.525 6.75
738.811 2018.776 5.949 6.75
738.727 2028.780 6.427 6.75
738.641 2038.909 7.168 6.75
738.559 2048.581 7.836 6.75
738.476 2058.375 8.522 6.75
738.257 2068.001 9.148 6.75
738.024 2077.498 9.697 6.75
737.790 2086.951 10.359 6.75
737.560 2096.312 11.058 6.75
737.442 2106.200 11.582 6.75
737.533 2116.386 12.081 6.75
737.621 2126.447 12.589 6.75
737.703 2136.062 13.190 6.75
737.603 2145.827 13.843 6.75
737.442 2155.404 14.330 6.75
737.134 2164.921 14.884 6.75
736.838 2174.099 15.343 6.75
736.450 2183.904 15.767 6.75
736.051 2193.905 16.439 6.75
735.803 2203.995 16.789 6.75
735.320 2213.727 16.964 6.75
734.732 2223.703 17.149 6.75
734.003 2233.562 17.336 6.75
733.148 2243.370 17.524 6.75
732.256 2252.780 17.707 6.75
730.992 2262.417 17.870 6.75
729.649 2271.966 18.003 6.75
728.528 2281.368 18.144 6.75
727.396 2290.877 18.265 6.75
726.422 2300.276 18.365 6.75
725.714 2309.656 18.475 6.75
724.996 2319.189 18.554 6.75
724.525 2328.619 18.637 6.75
724.273 2338.127 18.723 6.75
724.037 2347.276 18.823 6.75
723.785 2356.728 18.908 6.75
723.723 2366.137 18.993 6.75
723.868 2375.563 19.100 6.75
724.013 2384.693 19.184 6.75
724.511 2394.296 19.280 6.75
725.192 2404.235 19.358 6.75
726.160 2414.331 19.466 6.75
727.329 2424.035 19.546 6.75
728.797 2434.005 19.650 6.75
730.440 2443.789 19.741 6.75
732.529 2453.489 19.809 6.75
735.096 2462.961 19.892 6.75
737.655 2472.142 19.974 6.75
740.605 2481.439 20.054 6.75
743.876 2490.651 20.129 6.75
747.578 2499.632 20.188 6.75
751.484 2508.174 20.241 6.75
755.541 2516.957 20.272 6.75
759.508 2525.679 20.330 6.75
763.386 2534.532 20.366 6.75
767.255 2542.942 20.379 6.75
771.266 2551.661 20.417 6.75
775.263 2560.347 20.412 6.75
779.273 2569.054 20.417 6.75
783.307 2577.389 20.427 6.75
787.478 2585.973 20.431 6.75
791.661 2594.584 20.440 6.75
795.816 2603.140 20.444 6.75
799.905 2611.502 20.427 6.75
804.275 2620.055 20.435 6.75
808.620 2628.556 20.435 6.75
812.973 2637.067 20.416 6.75
817.187 2645.287 20.431 6.75
821.783 2653.663 20.436 6.75
826.394 2662.031 20.442 6.75
831.241 2670.222 20.429 6.75
836.186 2678.049 20.444 6.75
841.673 2685.850 20.424 6.75
847.494 2693.370 20.415 6.75
853.581 2700.684 20.381 6.75
859.986 2707.807 20.332 6.75
866.215 2714.615 20.255 6.75
872.849 2721.523 20.152 6.75
879.883 2728.070 20.026 6.75
887.266 2734.221 19.869 6.75
894.752 2739.763 19.690 6.75
902.717 2745.252 19.480 6.75
911.311 2749.710 19.207 6.75
920.299 2753.461 18.926 6.75
929.256 2756.538 18.699 6.75
938.839 2758.542 18.384 6.75
948.545 2760.200 18.026 6.75
958.414 2760.625 17.644 6.75
968.013 2760.647 17.273 6.75
978.012 2760.304 16.839 6.75
988.002 2759.963 16.423 6.75
998.059 2759.496 15.821 6.75
1007.815 2758.420 15.595 6.75
1017.701 2756.413 15.347 6.75
1026.975 2752.448 15.116 6.75
1036.156 2748.194 14.913 6.75
1045.091 2743.645 14.679 6.75
1053.569 2738.789 14.469 6.75
1061.920 2733.157 14.264 6.75
1069.924 2727.061 14.074 6.75
1077.573 2721.011 13.893 6.75
1085.423 2714.685 13.711 6.75
1093.235 2708.396 13.517 6.75
1101.043 2702.128 13.331 6.75
1108.676 2696.088 13.157 6.75
1116.546 2689.864 12.963 6.75
1124.466 2683.605 12.767 6.75
1132.297 2677.418 12.574 6.75
1139.905 2671.413 12.386 6.75
1147.864 2665.150 12.198 6.75
1155.815 2659.410 12.010 6.75
1164.181 2654.053 11.801 6.75
1173.048 2648.956 11.583 6.75
1181.930 2644.905 11.366 6.75
1191.389 2641.354 11.154 6.75
1200.601 2638.340 10.925 6.75
1210.260 2635.678 10.678 6.75
1220.236 2634.639 10.450 6.75
1261.622 2634.192 10.355 6.75
1271.045 2634.190 10.397 6.75
1280.442 2634.190 10.409 6.75
1289.849 2634.190 10.413 6.75
1299.346 2634.190 10.416 6.75
1308.507 2634.285 10.410 6.75
1317.940 2634.429 10.405 6.75
1327.482 2634.387 10.404 6.75
1336.983 2634.332 10.395 6.75
1346.160 2634.294 10.404 6.75
1355.682 2634.302 10.413 6.75
1365.194 2634.310 10.412 6.75
1374.669 2634.318 10.416 6.75
1384.205 2634.326 10.405 6.75
1393.387 2634.334 10.401 6.75
1402.667 2634.343 10.397 6.75
1412.245 2634.355 10.389 6.75
1421.816 2634.364 10.405 6.75
1442.087 2634.212 10.395 6.75
1451.409 2634.267 10.394 6.75
1460.487 2634.461 10.397 6.75
1470.089 2634.535 10.391 6.75
1479.523 2634.387 10.401 6.75
1489.362 2634.233 10.402 6.75
1498.558 2634.254 10.407 6.75
1507.877 2634.305 10.398 6.75
1517.846 2634.127 10.398 6.75
1528.022 2634.174 10.401 6.75
1538.088 2634.221 10.400 6.75
1547.983 2634.270 10.391 6.75
1557.530 2634.316 10.390 6.75
1567.071 2634.364 10.408 6.75
1603.413 2634.543 10.387 6.75
1612.565 2634.837 10.413 6.75
